camera6
    type: 3
    fov: 20.0
    mind: 0.001
    maxd: 1000.0
    mvsp: 0.05
    trnsf: 0.0 1.7 1.0 0.0 0.0 0.0 0.0 0.0 -1.0 0.0 1.0 0.0 -1.0 0.0 0.0
    animtrns: 0.0 1.7 1.0 0.0 1.7 2.0 -2.0 1.7 1.0 0.0 1.7 1.0 2.0 1.7 1.0
    animtrnsts: 0.0 2.0 4.0 4.5 5
    animfron: 0.0 0.0 -1.0 0.0 0.0 -1.0 0.93969 0.0 -0.34202 0.0 0.0 -1.0 -0.93969 0.0 -0.34202
    animfronts: 0.0 2.0 4.0 4.5 5
    animfov: 20 40 20
    animfovts: 4.0 4.5 5
/camera6