light1
    type: 2
    v: 0.01 0.01 -0.01 -0.01 0.01 -0.01 -0.01 0.01 0.01 0.01 0.01 0.01 0.01 -0.01 -0.01 -0.01 -0.01 -0.01 -0.01 -0.01 0.01 0.01 -0.01 0.01
    f: 7 3 6 6 3 2 4 5 1 4 1 0 4 0 7 7 0 3 5 6 2 5 2 1 0 1 2 0 2 3 4 7 5 5 7 6
    ltyp: 1
    trns: 0.0 5.0 0.0 1.0 1.0 1.0 0.0 -1.0 0.0 0.0 0.0 1.0 1.0 0.0 0.0
    mtrl: 0.05 0.05 0.05 0.05 0.05 0.05 0.05 0.05 0.05 0.0
/light1

light2
    type: 2
    v: 0.01 0.01 -0.01 -0.01 0.01 -0.01 -0.01 0.01 0.01 0.01 0.01 0.01 0.01 -0.01 -0.01 -0.01 -0.01 -0.01 -0.01 -0.01 0.01 0.01 -0.01 0.01
    f: 7 3 6 6 3 2 4 5 1 4 1 0 4 0 7 7 0 3 5 6 2 5 2 1 0 1 2 0 2 3 4 7 5 5 7 6
    ltyp: 2
    cnst: 1.0
    lnr: 0.09
    quad: 0.032
    cut: 0.97629
    ocut: 0.95371
    trns: 0.0 1.0 1.5 1.0 1.0 1.0 0.0 0.0 -1.0 0.0 1.0 0.0 -1.0 0.0 0.0
    mtrl: 1.0 1.0 1.0 0.6 0.6 0.6 0.6 0.6 0.6 0.0
/light2

light3
    type: 2
    v: 0.01 0.01 -0.01 -0.01 0.01 -0.01 -0.01 0.01 0.01 0.01 0.01 0.01 0.01 -0.01 -0.01 -0.01 -0.01 -0.01 -0.01 -0.01 0.01 0.01 -0.01 0.01
    f: 7 3 6 6 3 2 4 5 1 4 1 0 4 0 7 7 0 3 5 6 2 5 2 1 0 1 2 0 2 3 4 7 5 5 7 6
    ltyp: 3
    cnst: 1.0
    lnr: 0.09
    quad: 0.032
    cut: 0.97629
    ocut: 0.95371
    trns: 0.0 1.0 1.5 1.0 1.0 1.0 0.0 0.0 -1.0 0.0 1.0 0.0 1.0 0.0 0.0
    mtrl: 1.0 1.0 1.0 0.6 0.6 0.6 0.6 0.6 0.6 0.0
/light3
