type: 0
wd: 800
hg: 800

light1
    type: 2
    ltyp: 0
    cnst: 1.0
    lnr: 0.000004
    quad: 0.000001
    trns: 0.0 500.0 500.0 1.0 1.0 1.0 0.0 0.0 1.0 0.0 1.0 0.0 -1.0 0.0 0.0
    mtrl: 0.0 0.2 0.2 0.2 0.8 0.8 0.8 1.0 1.0 1.0 0.0
/light1

cubesmooth
    type: 1
    v: 25.0 50.0 -25.0 -25.0 50.0 -25.0 -25.0 50.0 25.0 25.0 50.0 25.0 25.0 0.0 -25.0 -25.0 0.0 -25.0 -25.0 0.0 25.0 25.0 0.0 25.0
    f: 7 3 6 6 3 2 4 5 1 4 1 0 4 0 7 7 0 3 5 6 2 5 2 1 0 1 2 0 2 3 4 7 5 5 7 6
    n: 1.0 1.0 -1.0 -1.0 1.0 -1.0 -1.0 1.0 1.0 1.0 1.0 1.0 1.0 -1.0 -1.0 -1.0 -1.0 -1.0 -1.0 -1.0 1.0 1.0 -1.0 1.0
    trns: -100.0 0.0 0.0 1.0 1.0 1.0 0.0 0.0 1.0 0.0 1.0 0.0 -1.0 0.0 0.0
    mtrl: 0.0 0.1 0.1 0.1 0.7843 0.6494 0.5835 0.7843 0.6494 0.5835 50.0
/cubesmooth

cubeflat
    type: 1
    v: 25.0 50.0 -25.0 -25.0 50.0 -25.0 -25.0 50.0 25.0 25.0 50.0 25.0 25.0 0.0 -25.0 -25.0 0.0 -25.0 -25.0 0.0 25.0 25.0 0.0 25.0 -25.0 50.0 25.0 25.0 50.0 25.0 -25.0 0.0 25.0 25.0 0.0 25.0 25.0 50.0 -25.0 -25.0 50.0 -25.0 25.0 0.0 -25.0 -25.0 0.0 -25.0 -25.0 50.0 -25.0 -25.0 50.0 25.0 -25.0 0.0 -25.0 -25.0 0.0 25.0 25.0 50.0 -25.0 25.0 50.0 25.0 25.0 0.0 -25.0 25.0 0.0 25.0
    f: 0 1 2 0 2 3 4 7 5 5 7 6 8 10 9 10 11 9 12 14 13 14 15 13 16 18 17 18 19 17 20 21 22 22 21 23
    n: 0.0 1.0 0.0 0.0 1.0 0.0 0.0 1.0 0.0 0.0 1.0 0.0 0.0 -1.0 0.0 0.0 -1.0 0.0 0.0 -1.0 0.0 0.0 -1.0 0.0 0.0 0.0 1.0 0.0 0.0 1.0 0.0 0.0 1.0 0.0 0.0 1.0 0.0 0.0 -1.0 0.0 0.0 -1.0 0.0 0.0 -1.0 0.0 0.0 -1.0 -1.0 0.0 0.0 -1.0 0.0 0.0 -1.0 0.0 0.0 -1.0 0.0 0.0 1.0 0.0 0.0 1.0 0.0 0.0 1.0 0.0 0.0 1.0 0.0 0.0
    trns: 100.0 0.0 0.0 1.0 1.0 1.0 0.0 0.0 1.0 0.0 1.0 0.0 -1.0 0.0 0.0
    mtrl: 0.0 0.1 0.1 0.1 0.7843 0.6494 0.5835 0.7843 0.6494 0.5835 50.0
/cubeflat

camera1
    type: 3
    fov: 45.0
    mind: 0.1
    maxd: 10000.0
    mvsp: 1.5
    trns: 0.0 100.0 200.0 0.0 0.0 0.0 0.0 -0.2 -1.0 0.0 1.0 -0.2 1.0 0.0 0.0
/camera1

camera2
    type: 3
    fov: 45.0
    mind: 0.1
    maxd: 10000.0
    mvsp: 1.5
    trns: -200.0 100.0 0.0 0.0 0.0 0.0 1.0 -0.2 0.0 0.2 1.0 0.0 0.0 0.0 1.0
/camera2

camera3
    type: 3
    fov: 45.0
    mind: 0.1
    maxd: 10000.0
    mvsp: 1.5
    trns: 200.0 100.0 0.0 0.0 0.0 0.0 -1.0 -0.2 0.0 -0.2 1.0 0.0 0.0 0.0 -1.0
/camera3

camera4
    type: 3
    fov: 45.0
    mind: 0.1
    maxd: 10000.0
    mvsp: 1.5
    trns: 0.0 200.0 0.0 0.0 0.0 0.0 0.0 -1.0 0.0 0.0 0.0 -1.0 1.0 0.0 0.0
/camera4